epoch=1 crossentropy(train): 2.18506276114
epoch=1 crossentropy(test): 2.18827302588
epoch=2 crossentropy(train): 1.90103257727
epoch=2 crossentropy(test): 1.91363803461
error(train): 0.77
error(test): 0.78