error(train): 0.14285714285714285
error(test): 0.10714285714285714