error(train): 0.492500
error(test): 0.500000